MAX_KEY 2999309.0
WEIGHT fc1.weight
0.31427556
0.24936175
0.40479201
0.18240578
-0.08323586
-0.50277555
0.51938659
0.28990066
1.08476353
1.20908356
0.13963501
0.41160536
0.26813221
-0.92227328
0.53152192
1.02538264
0.91109246
0.25563383
0.52175522
0.23073334
0.28637254
-0.05088767
1.24635351
-0.31275129
0.00724018
0.65169436
-0.86094368
-0.58802646
1.00246131
-0.03589094
-0.65400624
1.02170348
BIAS fc1.bias
0.89648849 -0.54903018 0.56871921 0.98973376 -0.41104114 0.98701578 0.07245040 0.11573108 1.20311451 0.19877838 -0.24372359 -0.92379975 -0.59350514 -0.86994624 0.08448808 -0.79472733 0.25439805 -0.35036099 -0.57810545 1.07331216 -0.99539411 0.28381786 0.00276020 -0.43829703 -0.33347476 0.13185868 -0.41283095 0.61836714 0.00361827 -0.08011091 0.69279945 0.00388291
WEIGHT fc2.weight
-0.04197872 0.00046499 0.06584284 -0.03013059 -0.12221892 -0.12762512 -0.02360447 0.12263955 -0.13596301 -0.00241132 0.13409017 0.10974844 -0.14798245 -0.05435336 -0.16409840 -0.11258091 -0.03000563 0.05555417 0.09558947 -0.05005005 0.01228526 0.03226259 -0.05702863 -0.09125654 0.15764098 0.07011214 -0.16143873 -0.06814214 -0.04703787 0.01999071 0.01767683 0.05819839
0.34281194 -0.16378734 0.15146227 0.38815647 -0.09720195 0.14230353 -0.24916789 -0.02529824 0.31778952 -0.24919380 0.01423040 -0.08906209 -0.10656732 0.03796698 -0.25819373 -0.55219650 0.01389296 0.02656408 0.04216990 0.23057398 0.09115596 0.42735490 -0.38448584 0.07856207 0.07760064 0.14249673 -0.16272654 0.13473162 -0.08214106 0.08105822 0.11958589 -0.39929780
-0.06614725 -0.13192250 -0.12693438 0.00774069 0.09491433 -0.10550305 0.00003001 0.09200864 0.07830773 -0.09178557 0.01285136 -0.00119904 0.17375077 0.17632322 -0.15264495 -0.04999685 -0.12651837 0.05298755 0.13558678 -0.01410139 0.11730058 0.01615527 -0.11780128 -0.08393161 -0.15383996 -0.06949920 -0.03521514 0.09707181 -0.13287373 -0.11699814 0.02455206 -0.09660106
0.09066029 0.08798893 -0.13094553 -0.21464910 0.14904468 0.10891820 -0.20902827 0.08513904 -0.11442491 0.01361847 -0.22215983 0.04521689 0.10737233 0.08926387 -0.16448577 0.05454531 0.00575410 -0.06201700 -0.00160761 -0.20957057 0.12933214 0.07632314 -0.09019309 0.17509289 -0.04349272 -0.09844254 -0.16961487 -0.22873276 0.11225633 0.12211470 -0.06477102 -0.04863748
0.30920336 0.11064114 0.30385876 -0.06750122 0.05197470 -0.20253278 0.29116544 0.17614280 0.19805624 0.40711188 -0.10173970 0.01311795 -0.13223203 -0.15979962 0.33379307 0.51016647 0.37135282 0.02296323 0.11812149 0.09386010 -0.10211330 -0.10000296 0.24022259 -0.15802720 -0.03634007 0.07357637 0.16032641 -0.10651239 0.23842005 0.13860561 -0.21694855 0.36564374
0.39464998 0.09395538 0.20768598 0.24467394 0.12285860 0.47755134 -0.28096053 -0.11531997 0.27766612 -0.16568859 -0.12816773 -0.08834643 0.04418357 0.07469071 -0.09851684 -0.21216133 0.05405924 -0.00335659 0.03829722 0.14516425 -0.09261167 0.12384182 -0.20264007 -0.03447030 -0.07811661 -0.17499533 0.14859651 0.39277473 -0.17735448 0.05346653 0.46546859 -0.38456023
0.13167495 -0.11835475 0.04203426 -0.06615604 -0.06378858 0.18570606 -0.01127234 -0.11027121 0.17065443 0.08371958 0.16251121 0.12011303 0.10327391 -0.05964972 0.07787666 -2.34659028 -0.14214295 0.05660522 0.15979837 0.15238518 -0.02164002 0.24632446 0.08876012 -0.08106674 0.16550426 -0.02923139 -0.02170564 0.02385756 -0.17970608 0.16366230 0.31508729 -0.10062636
0.16477019 0.03494824 0.26383173 -0.00939601 -0.11564157 -0.31030792 0.22384380 0.38991168 0.37215602 0.17978574 0.11845244 -0.10902237 -0.02461883 0.16628267 0.30235603 0.33476681 0.35121167 0.01155922 -0.08817620 -0.10232607 -0.06930493 0.13820027 0.12770054 -0.10771221 0.01348028 0.38397345 0.11926122 -0.19170609 0.42597377 0.17565958 -0.16651696 0.37739706
0.05845892 -0.06724496 -0.12019549 -0.04524468 0.12429996 -0.15310930 0.14245157 0.06412049 -0.13983271 0.12847815 0.11108066 -0.06518263 -0.12145434 -0.04714336 -0.08932506 0.07138214 -0.13424590 -0.07260507 -0.04584384 -0.01953766 0.15524606 -0.04408491 0.15599103 -0.00475994 0.07640152 -0.15186359 -0.17431121 0.07875915 0.03004402 -0.06853727 -0.00794527 0.11669882
0.01496856 -0.04249075 0.09501612 0.04910648 -0.09735393 -0.07932209 0.15915687 0.18598840 0.32957515 0.25657135 0.01748000 -0.04545830 0.10857569 0.12641723 0.42691833 0.34760115 0.42809814 -0.01356068 -0.03839909 -0.00263046 0.03473617 0.16258019 0.29827547 0.03282930 0.13171892 0.25764191 -0.12343726 -0.33310798 0.44883692 0.01099922 -0.32459408 0.34055164
-0.00586197 -0.16344276 -0.16006014 0.09105025 0.08641334 -0.06544463 -0.09157418 -0.09113579 -0.14473419 0.14558353 0.12164654 0.00551076 0.04048510 0.15042140 0.09036960 -0.08735522 -0.04139471 -0.15860727 0.01548024 -0.01393862 0.13391806 0.08487321 0.10735162 -0.10191858 -0.02136476 0.15663014 0.16186987 -0.09389058 -0.03476489 -0.15941875 -0.13677067 -0.17475611
0.12271024 0.10689114 0.33609891 0.32412997 0.11537690 0.42031837 -0.30281451 -0.20548180 0.24102113 -0.07822713 0.05541422 0.11571498 0.06783840 0.04724720 -0.18249607 -0.30017200 -0.14799805 -0.04298066 0.15979145 0.50524336 -0.14764534 0.32853684 -0.37151200 -0.04535380 0.05643427 -0.07133406 0.16170810 0.29355469 -0.38711315 0.06529677 0.38393655 -0.24291268
0.06631409 -0.12283766 -0.04137411 -0.01713073 -0.17495951 -0.11937910 -0.17866680 -0.09611151 -0.16613808 -0.01735670 0.11673377 0.15626849 -0.12856342 0.01804015 0.02079362 -0.09879436 -0.18612802 0.02584361 -0.09179771 0.04698043 -0.15666001 0.10635984 0.06525032 -0.03938985 0.10614826 -0.19992307 0.04952678 -0.02966778 -0.16929515 0.03266962 0.11535760 -0.14712897
-0.14258866 0.02125636 -0.03390746 -0.13885310 0.01939072 0.15813173 -0.12608594 -0.17465696 -0.15076655 -0.06004596 0.14679129 0.00306948 -0.07829057 -0.12084435 -0.01367290 -0.02895373 0.06579256 -0.05817848 -0.07438143 -0.12826487 0.12045144 -0.14053799 0.10566898 -0.05250181 -0.01053114 -0.06481894 -0.06601006 0.01053524 0.05614540 0.05191943 -0.00827982 0.03099576
0.06875115 -0.05352706 -0.22720180 0.03294003 0.04886159 -0.04670173 -0.11643341 0.03652960 -0.13452120 -0.18396841 0.04489593 0.13018532 0.11993609 -0.05609541 -0.04630226 0.09146832 -0.14520565 -0.05859067 -0.08991979 0.01719655 0.15205608 -0.20712914 0.06056093 -0.15204920 -0.17050810 -0.09963159 0.12442295 -0.03526590 0.03758180 0.03329594 -0.01641408 -0.12144755
0.29626009 0.05616814 0.27782488 0.12856445 0.17463984 -0.23438528 0.19123925 0.27656254 0.21183588 0.42980450 0.24722743 -0.08782107 -0.16562259 0.03499897 0.26915595 0.23461872 0.22580564 -0.14236128 -0.10443677 0.15129884 -0.05423836 -0.10437456 0.20288025 -0.14339040 0.09273107 0.40188006 -0.13665250 -0.26851344 0.18155530 -0.02559420 -0.12622300 0.12929530
BIAS fc2.bias
0.13003097 0.42220259 -0.10150263 -0.05622316 -0.20303775 0.20033090 -0.00002504 -0.06636447 -0.15275651 -0.16884261 -0.14711459 0.45498589 -0.13060763 -0.06799041 -0.15382670 -0.18223624
WEIGHT fc3.weight
0.24410126 -0.33557492 0.09107313 -0.06308815 0.27659672 -0.38825339 -0.30260852 0.29574245 -0.12574017 0.35965848 -0.17073822 -0.37718058 0.14013644 -0.02566490 0.16713144 0.22989038
BIAS fc3.bias
-0.08328854
